3 1,1 1,1
1 1,2 1,2
1 1,2 2,1
1 2,1 1,2
1 2,1 2,1
1 2,2 2,2
131
131
131
131
535
ret: 5
3 1,2 1,2
1 1,1 1,1
1 1,3 1,3
1 2,1 2,1
1 2,2 2,2
1 2,3 2,3
313
414
111
515
919
ret: 5
3 1,2 2,1
1 1,1 1,1
1 2,1 1,2
1 2,2 2,2
313
111
515
ret: 3
3 1,3 1,3
1 1,2 1,2
1 2,2 2,2
1 2,3 2,3
141
545
949
ret: 3
3 2,1 1,2
1 1,1 1,1
1 1,2 2,1
1 2,2 2,2
313
111
515
ret: 3
3 2,1 2,1
1 1,1 1,1
1 1,2 1,2
1 2,2 2,2
1 3,1 3,1
1 3,2 3,2
313
111
515
212
616
ret: 5
3 2,2 2,2
1 1,1 1,1
1 1,2 1,2
1 1,2 2,1
1 1,3 1,3
1 2,1 1,2
1 2,1 2,1
1 2,3 2,3
1 3,1 3,1
1 3,2 3,2
1 3,3 3,3
353
151
151
454
151
151
959
252
656
555
ret: 10
3 2,2 3,3
1 2,3 2,3
1 3,2 3,2
1 3,3 2,2
959
656
555
ret: 3
3 2,3 2,3
1 1,2 1,2
1 1,3 1,3
1 2,2 2,2
1 2,2 3,3
1 3,2 3,2
1 3,3 2,2
1 3,3 3,3
191
494
595
595
696
595
595
ret: 7
3 3,1 3,1
1 2,1 2,1
1 2,2 2,2
1 3,2 3,2
121
525
626
ret: 3
3 3,2 3,2
1 2,1 2,1
1 2,2 2,2
1 2,2 3,3
1 2,3 2,3
1 3,1 3,1
1 3,3 2,2
1 3,3 3,3
161
565
565
969
262
565
565
ret: 7
3 3,3 2,2
1 2,2 3,3
1 2,3 2,3
1 3,2 3,2
555
959
656
ret: 3
3 3,3 3,3
1 2,2 2,2
1 2,3 2,3
1 3,2 3,2
555
959
656
ret: 3
60
